Arizona           22886  24439  25451  26989  27678  28296  29852   0.042
South Carolina    12415  13453  13453  14286  14800  15228  15759   0.038
Arkansas           8425   8651   9101   9426   9740  10080  10368   0.035
North Carolina    32075  33295  34718  35625  36517  37227  38473   0.029
Utah              10243  10652  11168  11402  11637  11854  12133   0.027
Alabama           19072  19387  20043  20500  20925  21422  21989   0.024
Alaska              512    523    535    543    562    572    592   0.024
Michigan          58241  58525  58525  64413  64413  64998  65182   0.023
Oregon             4474   4570   4570   4662   4922   4988   5060   0.022
California       122168 125738 128593 130615 133816 136641 139715   0.022
Texas             70555  72548  74470  75408  76463  78130  80777   0.021
Mississippi       16560  16769  17039  17270  17768  18123  18483   0.019
Nevada             9129   9309   9491   9669   9816  10045  10218   0.019
Florida           60183  61488  62758  63938  64904  66000  67371   0.018
Tennessee         25190  25664  26177  26493  27005  27575  27930   0.017
Kentucky          10705  10977  11287  11287  11476  11707  11883   0.016
New Mexico         8353   8672   8800   8940   9062   9105   9250   0.015
Virginia          47856  48532  49397  50679  51251  51738  52177   0.015
Minnesota         26273  26980  27501  27886  28224  28523  28869   0.015
North Dakota       2706   2745   2816   2861   2880   2901   2941   0.014
Iowa              20806  21154  21478  21712  22007  22237  22626   0.013
Wisconsin         19892  20249  20571  20835  21038  21308  21593   0.013
Georgia           49859  50621  51359  51898  52497  53249  53980   0.013
Oklahoma           6907   7007   7059   7150   7205   7363   7483   0.013
Maine              2446   2482   2524   2570   2588   2606   2637   0.012
Washington        22729  22993  23442  23729  24041  24354  24354   0.012
Idaho              2990   3111   3139   3139   3189   3221   3260   0.012
Vermont            1026   1027   1046   1063   1075   1084   1095   0.012
South Dakota       5247   5277   5367   5438   5471   5523   5604   0.011
Missouri          13001  13104  13450  13496  13593  13758  13886   0.011
Wyoming             921    933    939    947    960    970    980   0.01
Maryland          55858  56770  57482  57973  58404  58904  59465   0.01
Indiana           36096  36578  36997  37397  37623  38033  38337   0.01
Ohio              37282  37758  38111  38476  38837  39162  39575   0.01
Louisiana         41562  41989  42486  42816  43050  43612  44030   0.009
Nebraska          15139  15406  15572  15664  15786  15918  16058   0.009
Kansas            10167  10306  10361  10406  10544  10609  10750   0.009
New Hampshire      4876   4953   5019   5043   5079   5079   5178   0.009
DC                 9120   9199   9269   9332   9389   9474   9537   0.007
Hawaii              655    664    673    675    676    682    685   0.007
West Virginia      2102   2119   2136   2144   2161   2169   2194   0.007
Colorado          27346  27601  27834  27987  28169  28333  28484   0.007
Illinois         124759 125915 126890 127757 128415 129212 129837   0.007
Montana             539    541    540    545    548    554    561   0.007
Pennsylvania      78335  78815  79505  79908  80339  80870  81316   0.006
Delaware           9746   9773   9845   9942   9972  10020  10056   0.006
Rhode Island      15325  15441  15441  15441  15642  15691  15756   0.005
Connecticut       43239  43460  43818  43968  44092  44179  44347   0.004
Massachusetts    102063 102557 103132 103436 103626 103889 104156   0.003
New Jersey       162530 163336 163893 164164 164497 164796 165346   0.003
New York         375133 376208 377316 378097 378799 379482 380156   0.002
