> python us_by_states.py stats sort      
Arizona             24439    25451    26989    27678    28296    29852    31267  0.039
Arkansas             8429     8654     9109     9427     9742    10083    10370  0.035
South Carolina      13453    13453    14286    14800    15228    15759    16441  0.035
North Carolina      32076    33298    34718    35626    36517    37231    38473  0.029
Utah                10243    10652    11168    11402    11637    11854    12133  0.027
Alabama             19387    20043    20500    20925    21422    21989    22845  0.026
Alaska                512      523      535      544      564      572      593  0.024
Michigan            58242    58525    58525    64413    64413    65000    65182  0.023
California         122170   125738   128593   130617   133816   136642   139715  0.022
Oregon               4474     4570     4570     4662     4922     4988     5062  0.022
Texas               70569    72549    74470    75408    76472    78140    80780  0.021
Florida             61488    62758    63938    64904    66000    67371    69069  0.019
Nevada               9309     9491     9669     9816    10045    10218    10473  0.019
Mississippi         16769    17039    17270    17768    18123    18483    18483  0.018
Tennessee           25190    25665    26177    26493    27005    27575    27930  0.017
Kentucky            10705    10977    11287    11291    11477    11707    11884  0.016
Minnesota           26273    26980    27503    27887    28224    28524    28869  0.015
New Mexico           8353     8672     8800     8940     9062     9105     9250  0.015
North Dakota         2706     2748     2816     2861     2883     2907     2943  0.014
Georgia             49859    50621    51359    51898    52497    53249    53980  0.013
Iowa                20806    21156    21478    21714    22011    22238    22633  0.013
Oklahoma             6910     7007     7059     7150     7206     7363     7483  0.013
Virginia            48532    49397    50679    51251    51738    52177    52647  0.013
Wisconsin           19897    20248    20571    20839    21036    21308    21594  0.013
Idaho                2992     3113     3139     3139     3189     3223     3260  0.012
Vermont              1027     1046     1063     1075     1084     1095     1110  0.012
Washington          22993    23442    23729    24041    24354    24354    24779  0.012
Maine                2482     2524     2570     2588     2606     2637     2667  0.011
Missouri            13001    13106    13451    13497    13594    13761    13887  0.011
South Dakota         5248     5277     5367     5440     5471     5523     5604  0.011
Maryland            55858    56770    57482    57973    58404    58904    59465  0.01
Ohio                37758    38111    38476    38837    39162    39575    40004  0.01
Wyoming               921      933      939      947      960      970      980  0.01
Indiana             36578    36997    37397    37623    38033    38337    38748  0.009
Kansas              10170    10306    10363    10409    10544    10608    10750  0.009
Louisiana           41989    42486    42816    43050    43612    44030    44472  0.009
Nebraska            15140    15406    15572    15664    15786    15918    16060  0.009
New Hampshire        4953     5019     5043     5079     5079     5178     5209  0.008
Colorado            27347    27601    27836    27987    28169    28333    28484  0.007
DC                   9199     9269     9332     9389     9474     9537     9589  0.007
Illinois           124756   125914   126888   127758   128419   129209   129840  0.007
Montana               539      541      540      545      548      554      561  0.007
West Virginia        2103     2119     2136     2144     2161     2170     2194  0.007
Hawaii                664      673      675      676      682      685      692  0.006
Pennsylvania        78815    79505    79908    80339    80870    81316    81848  0.006
Delaware             9773     9845     9942     9972    10020    10056    10106  0.005
Rhode Island        15441    15441    15441    15642    15691    15756    15862  0.005
Connecticut         43460    43818    43968    44092    44179    44347    44461  0.003
Massachusetts      102557   103132   103436   103626   103889   104156   104667  0.003
New Jersey         163336   163893   164164   164497   164796   165346   165816  0.002
New York           376208   377316   378097   378799   379482   380156   380892  0.002
total             1876099  1899818  1921839  1943142  1960594  1980069  2002106  0.011
> 
